%YAML:1.0
---
Camera_Matrix: !!opencv-matrix
   rows: 3
   cols: 3
   dt: d
   data: [1.9269e+03,  0.000000000000,  788.5741,  0.000000000000,  1.9391e+03,  238.6825,  0.000000000000,  0.000000000000,  1.000000000000] 
  #745.2902   428.6153
Distortion_Coefficients: !!opencv-matrix
   rows: 1
   cols: 5
   dt: d
   data: [-0.3893,  -0.0853,  0.0072,  -0.0022,  0] #[ -0.4235, -0.0311, 0.0017, -0.0019, 0]
